0.0	0.00011751522628682377
0.006944444444444444	0.04644447253633128
0.013888888888888888	0.08783686403522813
0.020833333333333332	0.12440818677163627
0.027777777777777776	0.1563651929640031
0.034722222222222224	0.18400789000056486
0.041666666666666664	0.20772954043934624
0.04861111111111111	0.2280166620081606
0.05555555555555555	0.24544902760460996
0.0625	0.2606996652960849
0.0625	0.26069915854210207
0.06944444444444445	0.27410958506563526
0.0763888888888889	0.28619599327631123
0.08333333333333333	0.29718248923959156
0.09027777777777778	0.30724231730376955
0.09722222222222222	0.31649786009997166
0.10416666666666667	0.3250206385421561
0.1111111111111111	0.332831311827114
0.11805555555555555	0.3398996774344684
0.125	0.3461446711266751
0.125	0.34614465366864505
0.13194444444444445	0.3515128611980215
0.1388888888888889	0.35595136714619297
0.14583333333333334	0.359424259610726
0.1527777777777778	0.3619071954935154
0.1597222222222222	0.3633874005007858
0.16666666666666666	0.3638636691430902
0.1736111111111111	0.36334636473531107
0.18055555555555555	0.3618574193966598
0.1875	0.35943033405067665
0.1875	0.3594305999029256
0.19444444444444445	0.35613898302381114
0.2013888888888889	0.35203830049044743
0.20833333333333334	0.3472007097430637
0.2152777777777778	0.34170031100837744
0.2222222222222222	0.3356131472995943
0.22916666666666666	0.32901720441640825
0.2361111111111111	0.3219924109450015
0.24305555555555555	0.31462063825804426
0.25	0.30698570051469526
0.25	0.30698547857113884
0.2569444444444444	0.2991324871006945
0.2638888888888889	0.29113373872532144
0.2708333333333333	0.28303981397230216
0.2777777777777778	0.2748946191601481
0.2847222222222222	0.26673538639860106
0.2916666666666667	0.25859267358863197
0.2986111111111111	0.2504903644224411
0.3055555555555556	0.24244566838345868
0.3125	0.23446912074634416
0.3125	0.23446908968011204
0.3194444444444444	0.22656342500703913
0.3263888888888889	0.2187303873564457
0.3333333333333333	0.2109672973071007
0.3402777777777778	0.20326993778143004
0.3472222222222222	0.19563255404551746
0.3541666666666667	0.1880478537091039
0.3611111111111111	0.18050700672558762
0.3680555555555556	0.17299964539202445
0.375	0.16551386434912752
0.375	0.16551393735621184
0.3819444444444444	0.15804815345277587
0.3888888888888889	0.1505913930977581
0.3958333333333333	0.14313738741999893
0.4027777777777778	0.13568058185458434
0.4097222222222222	0.12821613614284627
0.4166666666666667	0.12073992433236237
0.4236111111111111	0.11324853477695605
0.4305555555555556	0.10573927013669658
0.4375	0.09821014737789892
0.4375	0.09821015972143551
0.4444444444444444	0.09066125353886473
0.4513888888888889	0.0830914820382838
0.4583333333333333	0.07550086006153707
0.4652777777777778	0.06788964525914146
0.4722222222222222	0.06025833809028671
0.4791666666666667	0.052607681822835255
0.4861111111111111	0.04493866253332221
0.4930555555555556	0.03725250910695547
0.5	0.029550693237615604
0.5	0.029550686416091317
0.5069444444444444	0.02183383464379488
0.5138888888888888	0.014103447879434816
0.5208333333333334	0.006360687485027159
0.5277777777777778	-0.0013933396487608837
0.5347222222222222	-0.009157581102610906
0.5416666666666666	-0.016931038928553337
0.5486111111111112	-0.024712769649967402
0.5555555555555556	-0.03250188426158117
0.5625	-0.040297548229471486
0.5625	-0.040297552095865184
0.5694444444444444	-0.04809922904552415
0.5763888888888888	-0.055906365614666144
0.5833333333333334	-0.06371840101080023
0.5902777777777778	-0.07153479609562483
0.5972222222222222	-0.0793550333850279
0.6041666666666666	-0.08717861704908679
0.6111111111111112	-0.09500507291206833
0.6180555555555556	-0.10283394845242876
0.625	-0.11066481280281378
0.625	-0.11066482067880247
0.6319444444444444	-0.11849585264959887
0.6388888888888888	-0.1263275281094518
0.6458333333333334	-0.13415794446158646
0.6527777777777778	-0.14198506335750793
0.6597222222222222	-0.14980671069700158
0.6666666666666666	-0.1576205766281328
0.6736111111111112	-0.165424215547247
0.6805555555555556	-0.17321504609896973
0.6875	-0.1809903511762066
0.6875	-0.18099034142504558
0.6944444444444444	-0.1887440806523807
0.7013888888888888	-0.19647455929943117
0.7083333333333334	-0.2041763136870401
0.7152777777777778	-0.21184612275366455
0.7222222222222222	-0.2194830080553762
0.7291666666666666	-0.22708823376586074
0.7361111111111112	-0.2346653066764181
0.7430555555555556	-0.24221997619596256
0.75	-0.2497602343510225
0.75	-0.2497598283680672
0.7569444444444444	-0.2573274604944844
0.7638888888888888	-0.2649046392233425
0.7708333333333334	-0.27255203518153376
0.7777777777777778	-0.2803397023774979
0.7847222222222222	-0.28834707820122335
0.7916666666666666	-0.2966629834242463
0.7986111111111112	-0.3053856221996509
0.8055555555555556	-0.3146225820620694
0.8125	-0.3244908339276822
0.8125	-0.3244936588924346
0.8194444444444444	-0.3351713840878181
0.8263888888888888	-0.34693968231865413
0.8333333333333334	-0.3599205598246639
0.8402777777777778	-0.3741638216241022
0.8472222222222222	-0.38964707151375866
0.8541666666666666	-0.40627571206895663
0.8611111111111112	-0.42388294464355347
0.8680555555555556	-0.44222976936994096
0.875	-0.4610049851590447
0.875	-0.4609877947914932
0.8819444444444444	-0.47889859851409716
0.8888888888888888	-0.49454342891867414
0.8958333333333334	-0.5067650582453435
0.9027777777777778	-0.5144048742324735
0.9097222222222222	-0.5163028801166828
0.9166666666666666	-0.5112976946328388
0.9236111111111112	-0.49822655201405824
0.9305555555555556	-0.4759253019917073
0.9375	-0.4432284097954017
0.9375	-0.4432988427947918
0.9444444444444444	-0.40275001114806147
0.9513888888888888	-0.357229042867015
0.9583333333333334	-0.3068896661152446
0.9652777777777778	-0.252614568014421
0.9722222222222222	-0.19601539464429432
0.9791666666666666	-0.1394327510426929
0.9861111111111112	-0.08593620120552403
0.9930555555555556	-0.03932426808677372
1.0	-0.004124433598506831
