0.0	0.00013205044633678742
0.006944444444444444	0.046412094589865775
0.013888888888888888	0.08777640832689723
0.020833333333333332	0.12432997698166519
0.027777777777777776	0.15627340318429614
0.034722222222222224	0.1839029068708092
0.041666666666666664	0.20761032528311602
0.04861111111111111	0.22788311296902067
0.05555555555555555	0.24530434178221988
0.0625	0.26055270088230276
0.0625	0.26055217946236636
0.06944444444444445	0.2739512713452854
0.0763888888888889	0.28603346386907913
0.08333333333333333	0.2970187638348892
0.09027777777777778	0.30707766993551916
0.09722222222222222	0.3163311727554359
0.10416666666666667	0.3248507547707681
0.1111111111111111	0.33265839034930744
0.11805555555555555	0.33972654575050804
0.125	0.3459781791254865
0.125	0.3459779417469372
0.13194444444444445	0.3513510326919733
0.1388888888888889	0.3557924415204438
0.14583333333333334	0.35926847127211403
0.1527777777777778	0.3617561733318436
0.1597222222222222	0.3632433474295868
0.16666666666666666	0.36372854164039214
0.1736111111111111	0.36322105238440255
0.18055555555555555	0.36174092442685546
0.1875	0.35931895087808263
0.1875	0.3593193242198616
0.19444444444444445	0.35603550353823465
0.2013888888888889	0.3519430873295071
0.20833333333333334	0.34711355155639395
0.2152777777777778	0.3416205353562328
0.2222222222222222	0.3355398410409851
0.22916666666666666	0.32894943409723487
0.2361111111111111	0.3219294431861895
0.24305555555555555	0.31456216014367955
0.25	0.3069320399801586
0.25	0.3069317902636939
0.2569444444444444	0.2990824310031325
0.2638888888888889	0.2910864904379105
0.2708333333333333	0.2829947951334581
0.2777777777777778	0.2748514329974526
0.2847222222222222	0.26669375327981987
0.2916666666666667	0.25855236657273317
0.2986111111111111	0.2504511448106137
0.3055555555555556	0.24240722127013054
0.3125	0.23443099057020045
0.3125	0.23443096440020947
0.3194444444444444	0.22652585071709577
0.3263888888888889	0.21869321433080177
0.3333333333333333	0.21093049018399054
0.3402777777777778	0.20323354317861758
0.3472222222222222	0.19559666817593097
0.3541666666666667	0.18801258999647108
0.3611111111111111	0.1804724634200707
0.3680555555555556	0.17296587318585505
0.375	0.16548083399224175
0.375	0.16548091210877852
0.3819444444444444	0.15801598503402245
0.3888888888888889	0.15056029473825555
0.3958333333333333	0.14310748460400913
0.4027777777777778	0.1356519406769543
0.4097222222222222	0.12818879166590236
0.4166666666666667	0.12071390894280457
0.4236111111111111	0.11322390654275208
0.4305555555555556	0.10571614116397626
0.4375	0.09818871216784834
0.4375	0.09818872194521787
0.4444444444444444	0.0906414130480391
0.4513888888888889	0.08307331516724514
0.4583333333333333	0.0754844121003784
0.4652777777777778	0.0678749396701546
0.4722222222222222	0.060245385724462794
0.4791666666666667	0.052596490136365394
0.4861111111111111	0.04492924480409812
0.4930555555555556	0.03724489365107007
0.5	0.029544932625863645
0.5	0.02954492468085755
0.5069444444444444	0.021829901493321122
0.5138888888888888	0.014101340464123131
0.5208333333333334	0.0063604044232873965
0.5277777777777778	-0.0013917996413511356
0.5347222222222222	-0.009154220584146363
0.5416666666666666	-0.016925863101641066
0.5486111111111112	-0.024705787732566886
0.5555555555555556	-0.032493110857844315
0.5625	-0.040287004700582704
0.5625	-0.04028700778668289
0.5694444444444444	-0.04808693983237468
0.5763888888888888	-0.05589231728296531
0.5833333333333334	-0.06370260487899114
0.5902777777777778	-0.0715172796662864
0.5972222222222222	-0.07933583099598333
0.6041666666666666	-0.08715776052451196
0.6111111111111112	-0.09498258221360033
0.6180555555555556	-0.10280982233027434
0.625	-0.11063901944685782
0.625	-0.11063902644883918
0.6319444444444444	-0.11846850422808375
0.6388888888888888	-0.12629851541307005
0.6458333333333334	-0.13412724431600423
0.6527777777777778	-0.14195270483288072
0.6597222222222222	-0.14977274044348254
0.6666666666666666	-0.15758502421138101
0.6736111111111112	-0.1653870587839359
0.6805555555555556	-0.1731761763922954
0.6875	-0.1809495388513961
0.6875	-0.18094956980555185
0.6944444444444444	-0.1887004901354625
0.7013888888888888	-0.19642999933488647
0.7083333333333334	-0.20413118827680451
0.7152777777777778	-0.21179993256785912
0.7222222222222222	-0.21943489254835494
0.7291666666666666	-0.22703751329225816
0.7361111111111112	-0.23461202460719693
0.7430555555555556	-0.2421654410344613
0.75	-0.24970756184900314
0.75	-0.24970696941245454
0.7569444444444444	-0.2572773042104697
0.7638888888888888	-0.2648521886204939
0.7708333333333334	-0.272496363429053
0.7777777777777778	-0.2802825159183716
0.7847222222222222	-0.2882912798663731
0.7916666666666666	-0.2966112355466793
0.7986111111111112	-0.3053389097286106
0.8055555555555556	-0.3145787756771863
0.8125	-0.32444325315312406
0.8125	-0.3244465862284527
0.8194444444444444	-0.3351199087401934
0.8263888888888888	-0.3468979733514787
0.8333333333333334	-0.35989346039730175
0.8402777777777778	-0.37414955542909883
0.8472222222222222	-0.3896399492147507
0.8541666666666666	-0.4062688377385809
0.8611111111111112	-0.42387092220135725
0.8680555555555556	-0.44221140902029077
0.875	-0.4609860098290364
0.875	-0.46096731282510284
0.8819444444444444	-0.47887833195309454
0.8888888888888888	-0.4944632336046403
0.8958333333333334	-0.506604370453033
0.9027777777777778	-0.5141705267313765
0.9097222222222222	-0.5160169182325882
0.9166666666666666	-0.5109851923093963
0.9236111111111112	-0.49790342787434094
0.9305555555555556	-0.47558613539977496
0.9375	-0.4428342569178625
0.9375	-0.4429060188971384
0.9444444444444444	-0.4024023710661242
0.9513888888888888	-0.35690264942361705
0.9583333333333334	-0.30658669164207014
0.9652777777777778	-0.2523520798954076
0.9722222222222222	-0.19581414085902563
0.9791666666666666	-0.1393059457097915
0.9861111111111112	-0.08587831012604417
0.9930555555555556	-0.039299794287594156
1.0	-0.004056702875723401
