0.0	-1.5274180870667334e-5
0.006944444444444444	-0.025455178860686985
0.013888888888888888	-0.04932163499819028
0.020833333333333332	-0.07177927530241855
0.027777777777777776	-0.09299721881346536
0.034722222222222224	-0.11314907090248001
0.041666666666666664	-0.13241292327166745
0.04861111111111111	-0.15097135395428823
0.05555555555555555	-0.16901142731465854
0.0625	-0.18672469404815029
0.0625	-0.18672506675242245
0.06944444444444445	-0.20416468167247193
0.0763888888888889	-0.22145675290516179
0.08333333333333333	-0.2385478137577951
0.09027777777777778	-0.255355281604803
0.09722222222222222	-0.27176745788774515
0.10416666666666667	-0.2876435281153095
0.1111111111111111	-0.3028135618633121
0.11805555555555555	-0.31707851277469756
0.125	-0.3302102185595385
0.125	-0.33021033305619163
0.13194444444444445	-0.34204173345176886
0.1388888888888889	-0.35238477588077355
0.14583333333333334	-0.3611114303800091
0.1527777777777778	-0.3681305931849591
0.1597222222222222	-0.3733880867297884
0.16666666666666666	-0.37686665964734234
0.1736111111111111	-0.378585986769147
0.18055555555555555	-0.3786026691254093
0.1875	-0.377010233945017
0.1875	-0.3770105592707972
0.19444444444444445	-0.37396422372220955
0.2013888888888889	-0.3696312192022293
0.20833333333333334	-0.3641904395161588
0.2152777777777778	-0.35781759733398216
0.2222222222222222	-0.3506852241903664
0.22916666666666666	-0.34296267048466056
0.2361111111111111	-0.3348161054808956
0.24305555555555555	-0.32640851730778525
0.25	-0.3178997129587253
0.25	-0.31789913467828695
0.2569444444444444	-0.30934786178374096
0.2638888888888889	-0.3008552424340701
0.2708333333333333	-0.2924817340747765
0.2777777777777778	-0.2842735559876193
0.2847222222222222	-0.27626268929061537
0.2916666666666667	-0.26846687693803917
0.2986111111111111	-0.26088962372042246
0.3055555555555556	-0.25352019626455446
0.3125	-0.2463336230334821
0.3125	-0.24633378546524043
0.3194444444444444	-0.23932455493680477
0.3263888888888889	-0.23246360365405588
0.3333333333333333	-0.22572736181327474
0.3402777777777778	-0.2190931572182068
0.3472222222222222	-0.21253921528006225
0.3541666666666667	-0.20604465901751556
0.3611111111111111	-0.19958950905670578
0.3680555555555556	-0.19315468363123645
0.375	-0.1867219985821756
0.375	-0.18672207035230556
0.3819444444444444	-0.18028550749833963
0.3888888888888889	-0.17383285439397386
0.3958333333333333	-0.16735665860753868
0.4027777777777778	-0.16085078587835105
0.4097222222222222	-0.15431042011671484
0.4166666666666667	-0.1477320634039204
0.4236111111111111	-0.14111353599224483
0.4305555555555556	-0.13445397630495204
0.4375	-0.12775384093629247
0.4375	-0.1277538261332625
0.4444444444444444	-0.12101209689874232
0.4513888888888889	-0.11422974007684829
0.4583333333333333	-0.10740759056088886
0.4652777777777778	-0.10054657941128302
0.4722222222222222	-0.09364773385556051
0.4791666666666667	-0.08671217728836161
0.4861111111111111	-0.07974112927143723
0.4930555555555556	-0.07273590553364899
0.5	-0.06569791797096906
0.5	-0.06569791209335313
0.5069444444444444	-0.058627891663109874
0.5138888888888888	-0.05152698242040204
0.5208333333333334	-0.04439621184930137
0.5277777777777778	-0.03723654239730451
0.5347222222222222	-0.030048871475333194
0.5416666666666666	-0.022834031457734008
0.5486111111111112	-0.01559278968227857
0.5555555555555556	-0.00832584845016345
0.5625	-0.001033845026010197
0.5625	-0.001033844198157921
0.5694444444444444	0.006282652328822536
0.5763888888888888	0.013623228214912865
0.5833333333333334	0.020987473037825437
0.5902777777777778	0.028375156703200365
0.5972222222222222	0.03578622944460556
0.6041666666666666	0.043220821823536704
0.6111111111111112	0.05067924472941722
0.6180555555555556	0.05816198937959832
0.625	0.06566972731935898
0.625	0.06566971845524952
0.6319444444444444	0.0732039480356477
0.6388888888888888	0.08076510318867416
0.6458333333333334	0.0883551622967616
0.6527777777777778	0.09597630942110645
0.6597222222222222	0.10363093430166931
0.6666666666666666	0.11132163235717461
0.6736111111111112	0.11905120468511067
0.6805555555555556	0.12682265806172988
0.6875	0.1346392049420484
0.6875	0.13463918188351512
0.6944444444444444	0.14250555522041294
0.7013888888888888	0.1504230985128513
0.7083333333333334	0.15839643475991122
0.7152777777777778	0.16642925267520753
0.7222222222222222	0.17452430668688954
0.7291666666666666	0.1826834169376405
0.7361111111111112	0.19090746928467794
0.7430555555555556	0.19919641529975343
0.75	0.20754927226915273
0.75	0.20754927503818474
0.7569444444444444	0.21596252843846167
0.7638888888888888	0.22443177476875978
0.7708333333333334	0.23294964186886394
0.7777777777777778	0.2415057021382143
0.7847222222222222	0.25008647253590705
0.7916666666666666	0.25867541458069393
0.7986111111111112	0.26725293435098246
0.8055555555555556	0.2757963824848358
0.8125	0.28428005417997276
0.8125	0.2842803279543627
0.8194444444444444	0.29266242211802856
0.8263888888888888	0.30093295006868725
0.8333333333333334	0.3090449859649747
0.8402777777777778	0.3169532149231039
0.8472222222222222	0.3246139330168649
0.8541666666666666	0.33198504727762457
0.8611111111111112	0.3390260756943265
0.8680555555555556	0.3456981472134914
0.875	0.3519640017392167
0.875	0.35196500156687044
0.8819444444444444	0.3578296030198727
0.8888888888888888	0.36330540233053865
0.8958333333333334	0.36829962250230386
0.9027777777777778	0.3729188860467698
0.9097222222222222	0.3774692149837053
0.9166666666666666	0.3824560308410444
0.9236111111111112	0.3885841546548882
0.9305555555555556	0.39675780696950386
0.9375	0.4080806078373248
0.9375	0.4082375827897241
0.9444444444444444	0.42092072456058316
0.9513888888888888	0.4496247376763746
0.9583333333333334	0.49119198687317794
0.9652777777777778	0.5439405867961581
0.9722222222222222	0.6076644019995673
0.9791666666666666	0.6836330469467431
0.9861111111111112	0.77459188601011
0.9930555555555556	0.884762033471178
1.0	1.0198403535205436
