0.0	-1.5499551230425012e-5
0.006944444444444444	-0.02541131272516
0.013888888888888888	-0.04923804143984937
0.020833333333333332	-0.07166026217278447
0.027777777777777776	-0.09284695475466571
0.034722222222222224	-0.11297150236940812
0.041666666666666664	-0.13221169155414125
0.04861111111111111	-0.15074971219920924
0.05555555555555555	-0.16877215754817068
0.0625	-0.18647002419779882
0.0625	-0.186470473740583
0.06944444444444445	-0.20389459131408127
0.0763888888888889	-0.22117660614017828
0.08333333333333333	-0.23826100510713033
0.09027777777777778	-0.25506388803329094
0.09722222222222222	-0.2714729676671114
0.10416666666666667	-0.2873475696871402
0.1111111111111111	-0.30251863270202345
0.11805555555555555	-0.31678870825050465
0.125	-0.3299319608014247
0.125	-0.3299319331393258
0.13194444444444445	-0.34177781125789974
0.1388888888888889	-0.3521351942813305
0.14583333333333334	-0.3608779459831925
0.1527777777777778	-0.36791602948071234
0.1597222222222222	-0.3731955072347695
0.16666666666666666	-0.3766985410498957
0.1736111111111111	-0.37844339207427485
0.18055555555555555	-0.37848442079974354
0.1875	-0.37691208706179063
0.1875	-0.37691251872772913
0.19444444444444445	-0.3738863204430717
0.2013888888888889	-0.3695732323949088
0.20833333333333334	-0.364150717562551
0.2152777777777778	-0.3577935320678799
0.2222222222222222	-0.35067372517535017
0.22916666666666666	-0.3429606392919879
0.2361111111111111	-0.3348209099673915
0.24305555555555555	-0.3264184658937315
0.25	-0.3179145289057504
0.25	-0.31791388939109894
0.2569444444444444	-0.3093659855270009
0.2638888888888889	-0.3008740662993661
0.2708333333333333	-0.2924998142924771
0.2777777777777778	-0.2842903380993313
0.2847222222222222	-0.27627817232164176
0.2916666666666667	-0.2684812775698362
0.2986111111111111	-0.2609030404630577
0.3055555555555556	-0.2535322736291643
0.3125	-0.24634321570472922
0.3125	-0.24634340778201347
0.3194444444444444	-0.2393324177797036
0.3263888888888889	-0.23247020549333933
0.3333333333333333	-0.22573306950196917
0.3402777777777778	-0.21909824485414206
0.3472222222222222	-0.21254390306790832
0.3541666666666667	-0.2060491521308187
0.3611111111111111	-0.19959403649992472
0.3680555555555556	-0.1931595371017788
0.375	-0.1867275713324341
0.375	-0.18672764564200073
0.3819444444444444	-0.1802916221998956
0.3888888888888889	-0.173839957817713
0.3958333333333333	-0.16736497011497783
0.4027777777777778	-0.16086036481354218
0.4097222222222222	-0.15432123573758558
0.4166666666666667	-0.14774406481361468
0.4236111111111111	-0.14112672207046345
0.4305555555555556	-0.1344684656392932
0.4375	-0.1277699417535924
0.4375	-0.12776992099099427
0.4444444444444444	-0.12102971481400827
0.4513888888888889	-0.11424885796971508
0.4583333333333333	-0.10742820642865022
0.4652777777777778	-0.10056870519448237
0.4722222222222222	-0.09367138830401359
0.4791666666666667	-0.08673737882717908
0.4861111111111111	-0.07976788886704729
0.4930555555555556	-0.07276421955981992
0.5	-0.06572776107483189
0.5	-0.06572775537322238
0.5069444444444444	-0.05865930048565181
0.5138888888888888	-0.05155994422718221
0.5208333333333334	-0.044430725620904304
0.5277777777777778	-0.03727261453665198
0.5347222222222222	-0.030086511691002436
0.5416666666666666	-0.022873248647275995
0.5486111111111112	-0.01563358781553624
0.5555555555555556	-0.008368222452589953
0.5625	-0.0010777766619871453
0.5625	-0.0010777754336688456
0.5694444444444444	0.00623713755994962
0.5763888888888888	0.013576170519818553
0.5833333333333334	0.020938894543047606
0.5902777777777778	0.028325067931030654
0.5972222222222222	0.035734636189445834
0.6041666666666666	0.04316773202825553
0.6111111111111112	0.050624675361706346
0.6180555555555556	0.058105973308329166
0.625	0.06561232019093906
0.625	0.06561231075880758
0.6319444444444444	0.07314516201227647
0.6388888888888888	0.08070497028300472
0.6458333333333334	0.08829371844664456
0.6527777777777778	0.09591359369535511
0.6597222222222222	0.10356698753780254
0.6666666666666666	0.11125649579915985
0.6736111111111112	0.11898491862110692
0.6805555555555556	0.12675526046183078
0.6875	0.1345707300960251
0.6875	0.1345707119478466
0.6944444444444444	0.14243585044962556
0.7013888888888888	0.1503524124380746
0.7083333333333334	0.15832486356369174
0.7152777777777778	0.1663567823846916
0.7222222222222222	0.17445086036700552
0.7291666666666666	0.18260890188428125
0.7361111111111112	0.19083182421788317
0.7430555555555556	0.1991196575568923
0.75	0.20747154499810616
0.75	0.20747149219263455
0.7569444444444444	0.2158856161241737
0.7638888888888888	0.22435334637846405
0.7708333333333334	0.23286885043328373
0.7777777777777778	0.24142275352738732
0.7847222222222222	0.2500021386605069
0.7916666666666666	0.2585905465933513
0.7986111111111112	0.26716797584760626
0.8055555555555556	0.27571088270593475
0.8125	0.2841921812119764
0.8125	0.2841927761602523
0.8194444444444444	0.292562716523956
0.8263888888888888	0.3008336605850356
0.8333333333333334	0.30895030403854923
0.8402777777777778	0.31686160805791835
0.8472222222222222	0.3245207992949282
0.8541666666666666	0.33188536987972733
0.8611111111111112	0.3389170774208276
0.8680555555555556	0.3455819450051046
0.875	0.35185026119779717
0.875	0.3518499518089353
0.8819444444444444	0.35775308639737075
0.8888888888888888	0.36321693004044714
0.8958333333333334	0.36818133564046684
0.9027777777777778	0.3727751924930072
0.9097222222222222	0.37731642628692214
0.9166666666666666	0.3823119991043405
0.9236111111111112	0.3884579094206669
0.9305555555555556	0.3966391921045818
0.9375	0.40792991841804105
0.9375	0.4080843681292772
0.9444444444444444	0.4208980784725043
0.9513888888888888	0.4495517496748919
0.9583333333333334	0.49103091670851634
0.9652777777777778	0.543742848273863
0.9722222222222222	0.6075165467998274
0.9791666666666666	0.6836027484437139
0.9861111111111112	0.7746739230912366
0.9930555555555556	0.8848242743565191
1.0	1.0195697395820942
